1 1 5 45000 1 1000
1 1 5 45000 1 4000
1 1 5 45000 1 9000
1 1 5 45000 1 16000
1 1 5 45000 1 25000
1 1 5 45000 1 36000
1 1 5 45000 1 49000
1 1 5 45000 1 64000
1 1 5 45000 1 81000
1 1 5 45000 1 100000
1 2 10 45000 1 1000
1 2 10 45000 1 4000
1 2 10 45000 1 9000
1 2 10 45000 1 16000
1 2 10 45000 1 25000
1 2 10 45000 1 36000
1 2 10 45000 1 49000
1 2 10 45000 1 64000
1 2 10 45000 1 81000
1 2 10 45000 1 100000
1 3 15 45000 1 1000
1 3 15 45000 1 4000
1 3 15 45000 1 9000
1 3 15 45000 1 16000
1 3 15 45000 1 25000
1 3 15 45000 1 36000
1 3 15 45000 1 49000
1 3 15 45000 1 64000
1 3 15 45000 1 81000
1 3 15 45000 1 100000
1 4 20 45000 1 1000
1 4 20 45000 1 4000
1 4 20 45000 1 9000
1 4 20 45000 1 16000
1 4 20 45000 1 25000
1 4 20 45000 1 36000
1 4 20 45000 1 49000
1 4 20 45000 1 64000
1 4 20 45000 1 81000
1 4 20 45000 1 100000
1 5 25 45000 1 1000
1 5 25 45000 1 4000
1 5 25 45000 1 9000
1 5 25 45000 1 16000
1 5 25 45000 1 25000
1 5 25 45000 1 36000
1 5 25 45000 1 49000
1 5 25 45000 1 64000
1 5 25 45000 1 81000
1 5 25 45000 1 100000
