LocalSearchbySwap 1 1 5 45000 1 1000 0.5 1020 10
LocalSearchbySwap 1 1 5 45000 1 4000 0.5 4020 10
LocalSearchbySwap 1 1 5 45000 1 9000 0.5 9020 10
LocalSearchbySwap 1 1 5 45000 1 16000 0.5 16020 10
LocalSearchbySwap 1 1 5 45000 1 25000 0.5 25020 10
LocalSearchbySwap 1 1 5 45000 1 36000 0.5 36020 10
LocalSearchbySwap 1 1 5 45000 1 49000 0.5 49020 10
LocalSearchbySwap 1 1 5 45000 1 64000 0.5 64020 10
LocalSearchbySwap 1 1 5 45000 1 81000 0.5 81020 10
LocalSearchbySwap 1 1 5 45000 1 100000 0.5 100020 10
LocalSearchbySwap 1 2 10 45000 1 1000 0.5 1020 10
LocalSearchbySwap 1 2 10 45000 1 4000 0.5 4020 10
LocalSearchbySwap 1 2 10 45000 1 9000 0.5 9020 10
LocalSearchbySwap 1 2 10 45000 1 16000 0.5 16020 10
LocalSearchbySwap 1 2 10 45000 1 25000 0.5 25020 10
LocalSearchbySwap 1 2 10 45000 1 36000 0.5 36020 10
LocalSearchbySwap 1 2 10 45000 1 49000 0.5 49020 10
LocalSearchbySwap 1 2 10 45000 1 64000 0.5 64020 10
LocalSearchbySwap 1 2 10 45000 1 81000 0.5 81020 10
LocalSearchbySwap 1 2 10 45000 1 100000 0.5 100020 10
LocalSearchbySwap 1 3 15 45000 1 1000 0.5 1020 10
LocalSearchbySwap 1 3 15 45000 1 4000 0.5 4020 10
LocalSearchbySwap 1 3 15 45000 1 9000 0.5 9020 10
LocalSearchbySwap 1 3 15 45000 1 16000 0.5 16020 10
LocalSearchbySwap 1 3 15 45000 1 25000 0.5 25020 10
LocalSearchbySwap 1 3 15 45000 1 36000 0.5 36020 10
LocalSearchbySwap 1 3 15 45000 1 49000 0.5 49020 10
LocalSearchbySwap 1 3 15 45000 1 64000 0.5 64020 10
LocalSearchbySwap 1 3 15 45000 1 81000 0.5 81020 10
LocalSearchbySwap 1 3 15 45000 1 100000 0.5 100020 10
LocalSearchbySwap 1 4 20 45000 1 1000 0.5 1020 10
LocalSearchbySwap 1 4 20 45000 1 4000 0.5 4020 10
LocalSearchbySwap 1 4 20 45000 1 9000 0.5 9020 10
LocalSearchbySwap 1 4 20 45000 1 16000 0.5 16020 10
LocalSearchbySwap 1 4 20 45000 1 25000 0.5 25020 10
LocalSearchbySwap 1 4 20 45000 1 36000 0.5 36020 10
LocalSearchbySwap 1 4 20 45000 1 49000 0.5 49020 10
LocalSearchbySwap 1 4 20 45000 1 64000 0.5 64020 10
LocalSearchbySwap 1 4 20 45000 1 81000 0.5 81020 10
LocalSearchbySwap 1 4 20 45000 1 100000 0.5 100020 10
LocalSearchbySwap 1 5 25 45000 1 1000 0.5 1020 10
LocalSearchbySwap 1 5 25 45000 1 4000 0.5 4020 10
LocalSearchbySwap 1 5 25 45000 1 9000 0.5 9020 10
LocalSearchbySwap 1 5 25 45000 1 16000 0.5 16020 10
LocalSearchbySwap 1 5 25 45000 1 25000 0.5 25020 10
LocalSearchbySwap 1 5 25 45000 1 36000 0.5 36020 10
LocalSearchbySwap 1 5 25 45000 1 49000 0.5 49020 10
LocalSearchbySwap 1 5 25 45000 1 64000 0.5 64020 10
LocalSearchbySwap 1 5 25 45000 1 81000 0.5 81020 10
LocalSearchbySwap 1 5 25 45000 1 100000 0.5 100020 10
