1 1 10 45000 100 1000 --benchmark-name=1-1-10-45000-100-1000
1 1 10 45000 100 4000 --benchmark-name=1-1-10-45000-100-4000
1 1 10 45000 100 9000 --benchmark-name=1-1-10-45000-100-9000
1 2 20 45000 100 1000 --benchmark-name=1-2-20-45000-100-1000
1 2 20 45000 100 4000 --benchmark-name=1-2-20-45000-100-4000
1 2 20 45000 100 9000 --benchmark-name=1-2-20-45000-100-9000
1 3 30 45000 100 1000 --benchmark-name=1-3-30-45000-100-1000
1 3 30 45000 100 4000 --benchmark-name=1-3-30-45000-100-4000
1 3 30 45000 100 9000 --benchmark-name=1-3-30-45000-100-9000
1 4 40 45000 100 1000 --benchmark-name=1-4-40-45000-100-1000
1 4 40 45000 100 4000 --benchmark-name=1-4-40-45000-100-4000
1 4 40 45000 100 9000 --benchmark-name=1-4-40-45000-100-9000
1 5 50 45000 100 1000 --benchmark-name=1-5-50-45000-100-1000
1 5 50 45000 100 4000 --benchmark-name=1-5-50-45000-100-4000
1 5 50 45000 100 9000 --benchmark-name=1-5-50-45000-100-9000
1 6 60 45000 100 1000 --benchmark-name=1-6-60-45000-100-1000
1 6 60 45000 100 4000 --benchmark-name=1-6-60-45000-100-4000
1 6 60 45000 100 9000 --benchmark-name=1-6-60-45000-100-9000
1 7 70 45000 100 1000 --benchmark-name=1-7-70-45000-100-1000
1 7 70 45000 100 4000 --benchmark-name=1-7-70-45000-100-4000
1 7 70 45000 100 9000 --benchmark-name=1-7-70-45000-100-9000
1 8 80 45000 100 1000 --benchmark-name=1-8-80-45000-100-1000
1 8 80 45000 100 4000 --benchmark-name=1-8-80-45000-100-4000
1 8 80 45000 100 9000 --benchmark-name=1-8-80-45000-100-9000
1 9 90 45000 100 1000 --benchmark-name=1-9-90-45000-100-1000
1 9 90 45000 100 4000 --benchmark-name=1-9-90-45000-100-4000
1 9 90 45000 100 9000 --benchmark-name=1-9-90-45000-100-9000
1 10 100 45000 100 1000 --benchmark-name=1-10-100-45000-100-1000
1 10 100 45000 100 4000 --benchmark-name=1-10-100-45000-100-4000
1 10 100 45000 100 9000 --benchmark-name=1-10-100-45000-100-9000
