FedeCpp_R 1 1 5 45000 100 1000 0.5 1020 5 
FedeCpp_R 1 1 5 45000 100 4000 0.5 4020 5 
FedeCpp_R 1 1 5 45000 100 9000 0.5 9020 5 
FedeCpp_R 1 2 10 45000 100 1000 0.5 1020 5 
FedeCpp_R 1 2 10 45000 100 4000 0.5 4020 5 
FedeCpp_R 1 2 10 45000 100 9000 0.5 9020 5 
FedeCpp_R 1 3 15 45000 100 1000 0.5 1020 5 
FedeCpp_R 1 3 15 45000 100 4000 0.5 4020 5 
FedeCpp_R 1 3 15 45000 100 9000 0.5 9020 5 
FedeCpp_R 1 4 20 45000 100 1000 0.5 1020 5 
FedeCpp_R 1 4 20 45000 100 4000 0.5 4020 5 
FedeCpp_R 1 4 20 45000 100 9000 0.5 9020 5 
